0.001
0.002
0.003
0.004
0.005
0.006
0.007
0.008
0.011
0.012
0.013
0.014
0.017
0.018
0.019
0.01
0.021
0.022
0.024
0.025
0.026
0.027
0.028
0.029
0.02
0.031
0.032
0.033
0.034
0.035
0.036
0.037
0.038
0.039
0.03
0.041
0.042
0.043
0.044
0.045
0.046
0.047
0.048
0.049
0.04
0.051
0.052
0.053
0.054
0.055
0.056
0.057
0.058
0.059
0.05
0.061
0.062
0.063
0.064
0.065
0.066
0.067
0.068
0.069
0.06
0.071
0.072
0.073
0.074
0.075
0.076
0.077
0.078
0.079
0.07
0.081
0.082
0.083
0.084
0.085
0.086
0.087
0.088
0.089
0.08
0.091
0.092
0.093
0.094
0.095
0.096
0.097
0.098
0.099
0.09
0.1
0.5
0
1.05561e-05
1.13137e-05
1.21257e-05
1.2996e-05
1.39288e-05
1.49285e-05
1.5
1.6e-05
1.71484e-05
1.83792e-05
1.96983e-05
1
2.11121e-05
2.26274e-05
2.42515e-05
2.59921e-05
2.5
2.78576e-05
2.82843e-06
2.98571e-05
2
3.03143e-06
3.24901e-06
3.2e-05
3.42968e-05
3.4822e-06
3.5
3.67583e-05
3.73213e-06
3.93966e-05
3
4.22243e-05
4.28709e-06
4.52548e-05
4.59479e-06
4.85029e-05
4.92458e-06
4
4e-06
5.19842e-05
5.27803e-06
5.57152e-05
5.65685e-06
5.97141e-05
6.06287e-06
6.49802e-06
6.4e-05
6.85935e-05
6.9644e-06
7.35167e-05
7.46426e-06
7.87932e-05
8.44485e-05
8.57419e-06
8e-06
9.05097e-05
9.18959e-06
9.84916e-06
