0.000103968
0.00011143
0.000119428
0.000128
0.000137187
0.000147033
0.000157586
0.000168897
0.000181019
0.000194012
0.000207937
0.000222861
0.000238856
0.000256
0.000274374
0.000294067
0.000315173
0.000337794
0.000362039
0.000388023
0.000415873
0.000445722
0.000477713
0.000512
0.000548748
0.000588134
0.000630346
0.000675588
0.000724077
0.000776047
0.000831746
0.000891444
0.000955426
0.001024
0.0010975
0.00117627
0.00126069
0.00135118
0.00144815
0.00155209
0.00166349
0.00178289
0.00191085
0.002048
0.00219499
0.00235253
0.00252138
0.00270235
0.00289631
0.00310419
0.00332699
0.00356578
0.0038217
0.004096
0.00438998
0.00470507
0.00504277
0.0054047
0.00579262
0.5
0
1.13137e-05
1.21257e-05
1.2996e-05
1.39288e-05
1.49285e-05
1.5
1.6e-05
1.71484e-05
1.83792e-05
1.96983e-05
1
2.11121e-05
2.26274e-05
2.42515e-05
2.59921e-05
2.5
2.78576e-05
2.98571e-05
2
3.2e-05
3.42968e-05
3.5
3.67583e-05
3.93966e-05
3
4.22243e-05
4.52548e-05
4.85029e-05
4
5.19842e-05
5.57152e-05
5.97141e-05
6.4e-05
6.85935e-05
7.35167e-05
7.87932e-05
8.44485e-05
9.05097e-05
9.70059e-05
